200
1 1 9
4 1
1 1 67
4 1
1 0 5
3 87
2 1 93
3 20
4 1
3 17
2 1 52
1 1 84
2 1 97
1 1 63
2 1 40
4 1
1 1 43
2 1 99
2 0 61
2 1 47
1 1 87
3 7
2 0 23
4 1
4 0
4 0
2 1 23
3 72
3 99
1 0 7
1 0 80
4 0
1 1 22
2 0 68
4 0
2 0 58
3 78
3 48
4 0
1 0 93
1 0 6
1 0 100
3 35
3 36
4 1
3 58
1 0 57
4 0
4 1
2 0 30
2 1 36
2 0 52
1 1 15
4 1
1 1 73
1 0 25
4 1
4 0
4 0
3 7
3 6
2 1 71
3 84
3 41
1 0 98
1 1 51
4 1
2 1 91
2 1 61
4 1
4 1
1 0 6
3 71
4 0
2 1 42
3 19
2 0 58
3 27
4 1
2 1 69
1 1 57
1 1 64
2 1 46
2 0 63
1 1 37
3 62
1 0 30
2 0 10
4 1
3 4
3 24
2 1 30
3 48
4 0
2 1 27
3 13
2 1 59
1 0 31
3 60
4 1
4 0
3 65
1 0 94
1 1 87
1 0 70
1 1 8
2 0 5
1 0 67
1 0 19
2 0 25
1 1 86
1 1 30
1 0 39
2 0 57
2 1 16
3 79
3 73
3 8
4 0
2 0 71
3 53
4 0
3 14
3 88
2 1 42
4 1
4 1
1 0 77
1 1 5
1 0 74
3 55
1 0 73
1 1 23
4 1
2 1 4
1 1 74
2 1 6
1 0 70
2 0 2
1 1 90
3 29
2 1 72
4 1
4 0
4 0
4 1
2 1 64
3 1
4 0
4 1
2 0 67
2 1 50
4 1
1 1 4
4 1
1 0 61
3 22
2 0 91
3 3
3 95
1 0 44
2 0 11
1 1 42
2 1 90
4 1
3 82
2 1 8
3 69
1 0 31
2 1 68
2 0 92
1 0 49
4 1
2 1 65
2 0 92
4 1
1 0 83
4 1
1 1 84
4 0
4 1
4 0
1 1 15
1 1 83
2 1 45
1 1 10
1 0 31
1 1 96
4 0
1 1 72
2 1 82
2 1 26
3 39
3 79
4 1
3 77
1 1 27
1 1 99
4 0
3 8