11
5 3
8 1 7 3 1
3 6 1
3 4
2 13 7
103 11 290 215
1 1
10
21
1 1
3
2
1 1
3
3
2 1
100 93
5
2 1
100 93
105
1 2
7
10 28
1 2
7
2 2
1 1
2147483647
102301
51 21
72 78 12 53 29 12 68 70 13 92 76 68 46 54 67 4 47 100 35 74 80 40 66 24 23 38 8 24 77 58 100 40 34 17 3 9 4 9 89 45 16 40 52 12 92 62 21 75 48 92 5
37 46 85 43 78 36 46 2 50 79 16 70 69 53 75 82 37 16 16 8 46
35 18
35 6 4 92 69 42 68 82 36 27 97 32 71 46 70 96 76 69 18 81 68 99 91 7 17 22 56 48 77 51 92 20 1 34 4
75 88 40 38 47 54 56 44 16 59 3 68 31 76 29 47 54 11
27 91
83 97 60 100 83 95 60 4 35 66 42 81 88 23 54 51 49 95 28 99 21 64 49 46 87 4 32
32 30 28 15 49 34 90 62 48 76 3 87 96 86 90 76 94 79 87 1 70 39 29 66 1 30 53 62 60 81 15 47 8 5 80 24 7 4 78 19 86 40 70 52 7 95 62 20 40 57 27 90 37 84 33 15 68 8 27 51 79 11 95 71 24 91 54 43 56 21 46 85 92 78 75 26 27 10 97 67 32 82 96 22 34 70 60 87 8 10 76
28 85
49 74 40 16 49 49 68 69 81 70 21 44 36 46 86 10 72 94 31 14 6 40 32 38 98 35 24 94
86 70 17 84 87 72 55 9 93 79 10 96 99 34 18 84 8 36 11 37 96 7 39 63 45 7 29 61 30 8 21 6 76 38 36 42 23 8 29 74 55 94 89 38 32 21 25 96 72 46 88 96 64 34 92 70 66 95 37 91 86 99 31 45 49 21 24 77 65 78 45 82 67 19 6 55 22 38 1 37 22 15 65 27 43
23 79
23 48 70 49 48 85 71 56 9 42 30 99 41 27 34 77 21 62 98 61 85 16 27
22 64 34 87 57 20 63 14 85 74 7 81 23 69 38 2 49 18 69 63 12 15 30 54 44 27 81 84 90 48 32 6 2 90 7 85 11 27 2 20 97 87 24 91 13 63 86 64 78 22 66 27 21 66 76 36 76 54 82 40 19 82 75 97 85 2 89 35 59 65 96 29 30 62 60 82 56 2 20
95 46
20 1 97 67 80 4 74 76 37 47 39 94 90 3 86 14 68 40 25 81 52 49 75 99 75 29 46 100 22 75 40 32 92 98 29 45 11 38 72 48 19 70 94 65 29 5 7 48 30 24 72 59 88 72 52 80 22 72 81 4 73 84 13 34 40 17 93 99 31 21 47 94 28 82 6 87 20 93 100 44 39 69 89 71 42 74 58 42 42 97 74 23 40 4 100
41 40 80 29 64 4 83 62 99 58 77 10 14 35 12 16 82 98 88 100 23 90 72 84 87 20 65 84 94 6 48 6 5 35 79 44 43 81 82 1 85 92 12 99 56 31